dt_Gflux_CO2	-39.773	3.326	-1.728	-32.452	-179.326	-601.436	
dt_Gflux_H2O	10.854	3.528	-1.592	-31.556	-174.764	-586.330	
dt_Gflux_CH4	1986.511	11.405	3.697	3.406	3.265	3.154	
dt_Sflux_Fe2O3	1520.447	1520.447	1520.447	1520.447	1520.447	1520.447	
dt_Sflux_Fe3O4	1520.447	1520.447	1520.447	1520.447	1520.447	1520.447	
dt_Sflux_Al2O3	1422.222	1706.667	1422.222	1511.111	1511.111	1558.974	
dt_Ctrans_CO2	36.152	-17.761	8.111	89.282	350.129	987.517	
dt_Ctrans_H2O	-9.866	-18.840	7.475	86.817	341.222	962.714	
dt_Ctrans_CH4	-1805.642	-60.912	-17.356	-9.370	-6.375	-5.179	
dt_qtrans_Fe2O3	-497.524	-2923.217	-2569.393	-1505.923	-1068.709	-898.730	
dt_qtrans_Fe3O4	-497.524	-2923.217	-2569.393	-1505.923	-1068.709	-898.730	
dt_qtrans_Al2O3	-497.524	-2923.217	-2569.393	-1505.923	-1068.709	-898.730	
dt_Ghflux	9.116	0.449	0.268	0.244	0.226	0.207	
dt_Ts		547.361	547.361	547.361	547.361	547.361	547.361	
dt_TgGS		-4.042	-1.493	-1.236	-0.671	-0.440	-0.340	
dt_TsGS		-250.417	-5016.591	-6934.412	-4132.882	-2934.011	-2467.607	
dt_vg		27.160	9.134	8.334	7.794	7.248	6.663	
dt_vs		912.268	912.268	912.268	912.268	912.268	912.268	